3,2
3,1
3,3
10,201
10,205
10,23
10,137
10,33
10,131
10,65
10,151
10,2
10,3
46,4
46,3
9,7
9,1
9,5
9,2
46,2
46,1
46,0
45,3
9,3
45,2
45,1
45,0
44,3
44,2
44,1
44,0
43,5
43,4
43,3
8,18
8,14
8,17
8,11
8,9
8,8
43,2
43,1
43,0
42,4
42,3
42,2
42,1
42,0
40,5
40,4
40,3
40,2
40,1
40,0
37,5
37,4
37,3
37,2
37,1
37,0
35,5
35,4
35,3
35,2
35,1
35,0
33,5
33,4
33,3
33,2
33,1
33,0
31,4
31,3
31,2
31,1
31,0
26,5
26,4
26,3
26,2
26,1
26,0
23,3
23,2
23,1
23,0
20,3
20,2
20,1
19,3
19,2
19,1
12,3
12,2
12,1
11,29
11,28
11,27
11,26
11,25
11,24
11,23
11,22
11,21
11,20
11,19
11,18
11,17
11,16
11,14
